,EGFR,Hypoxia,JAK.STAT,MAPK,NFkB,PI3K,TGFb,TNFa,Trail,VEGF,p53
Arginase-1,687.0,563.0,397.0,177.0,711.0,387.0,742.0,338.0,667.0,289.0,512.0
Leucine-rich repeat serine/threonine-protein kinase 2,110.0,791.0,174.0,933.0,51.0,340.0,132.0,939.0,392.0,795.0,340.0
Tyrosyl-DNA phosphodiesterase 1,45.0,329.0,176.0,973.0,138.0,657.0,19.0,894.0,638.0,841.0,410.0
Transitional endoplasmic reticulum ATPase,598.0,297.0,295.0,399.0,791.0,465.0,288.0,692.0,637.0,378.0,628.0
Glucokinase regulatory protein,853.0,180.0,435.0,173.0,847.0,818.0,741.0,115.0,694.0,377.0,664.0
Pyruvate kinase isozymes M1/M2,664.0,54.0,830.0,710.0,561.0,279.0,208.0,701.0,961.0,88.0,325.0
Transient receptor potential cation channel subfamily M member 8,520.0,84.0,793.0,474.0,311.0,734.0,727.0,561.0,409.0,635.0,579.0
G-protein coupled receptor 55,250.0,743.0,800.0,92.0,171.0,878.0,259.0,669.0,333.0,767.0,579.0
Endoplasmin,805.0,919.0,757.0,171.0,903.0,107.0,829.0,64.0,291.0,338.0,521.0
Serine/threonine-protein kinase/endoribonuclease IRE1,227.0,951.0,336.0,502.0,439.0,869.0,816.0,300.0,275.0,949.0,915.0
Bromodomain-containing protein 4,267.0,641.0,304.0,417.0,565.0,221.0,539.0,846.0,239.0,467.0,391.0
NADPH oxidase 4,624.0,121.0,568.0,654.0,715.0,555.0,494.0,602.0,579.0,275.0,467.0
Ketohexokinase,838.0,330.0,302.0,344.0,637.0,109.0,590.0,613.0,780.0,169.0,517.0
Lethal(3)malignant brain tumor-like protein 1,672.0,26.0,945.0,120.0,520.0,597.0,632.0,787.0,940.0,178.0,551.0
Lethal(3)malignant brain tumor-like protein 3,171.0,721.0,595.0,879.0,74.0,900.0,303.0,481.0,571.0,794.0,540.0
Microtubule-associated protein tau,123.0,915.0,420.0,549.0,293.0,448.0,306.0,293.0,59.0,771.0,130.0
15-hydroxyprostaglandin dehydrogenase [NAD+],171.0,771.0,500.0,88.0,621.0,482.0,446.0,353.0,274.0,883.0,689.0
G-protein coupled receptor 35,434.0,843.0,335.0,924.0,399.0,712.0,262.0,427.0,649.0,478.0,372.0
Bromodomain-containing protein 2,627.0,262.0,302.0,452.0,700.0,255.0,514.0,704.0,468.0,177.0,403.0
ATP-sensitive inward rectifier potassium channel 1,704.0,965.0,260.0,862.0,175.0,413.0,872.0,519.0,209.0,688.0,379.0
Neuropeptides B/W receptor type 1,778.0,444.0,215.0,577.0,640.0,401.0,614.0,365.0,463.0,556.0,825.0
Menin,901.0,36.0,810.0,78.0,900.0,521.0,727.0,364.0,930.0,118.0,578.0
Nuclear receptor ROR-gamma,229.0,942.0,332.0,388.0,277.0,648.0,320.0,280.0,84.0,919.0,808.0
Enteropeptidase,58.0,773.0,329.0,966.0,108.0,837.0,28.0,895.0,338.0,805.0,129.0
Endothelial PAS domain-containing protein 1,934.0,817.0,803.0,10.0,951.0,175.0,992.0,120.0,266.0,187.0,751.0
Nicotinamide phosphoribosyltransferase,461.0,9.0,825.0,219.0,509.0,426.0,650.0,762.0,792.0,417.0,745.0
Replication protein A 70 kDa DNA-binding subunit,824.0,390.0,698.0,61.0,889.0,373.0,765.0,241.0,587.0,187.0,577.0
DNA topoisomerase I,603.0,783.0,261.0,660.0,383.0,137.0,945.0,161.0,364.0,367.0,352.0
Farnesyl diphosphate synthase,629.0,93.0,276.0,780.0,425.0,639.0,127.0,596.0,700.0,604.0,667.0
Glucagon-like peptide 1 receptor,577.0,426.0,893.0,729.0,415.0,675.0,354.0,446.0,730.0,101.0,128.0
Endothelin receptor ET-B,214.0,279.0,528.0,834.0,237.0,506.0,99.0,902.0,707.0,766.0,217.0
Steroid 5-alpha-reductase 1,580.0,340.0,603.0,465.0,751.0,156.0,901.0,325.0,406.0,194.0,363.0
Vasopressin V2 receptor,446.0,385.0,393.0,555.0,440.0,257.0,249.0,873.0,811.0,398.0,601.0
Somatostatin receptor 5,161.0,814.0,362.0,687.0,147.0,873.0,93.0,330.0,255.0,905.0,496.0
"Histone-lysine N-methyltransferase, H3 lysine-79 specific",467.0,722.0,581.0,157.0,603.0,873.0,436.0,379.0,298.0,373.0,422.0
Transmembrane protease serine 6,764.0,649.0,471.0,134.0,806.0,421.0,691.0,323.0,349.0,293.0,470.0
Bromodomain-containing protein 3,629.0,115.0,703.0,645.0,447.0,674.0,261.0,548.0,851.0,414.0,574.0
Cysteinyl leukotriene receptor 1,85.0,969.0,565.0,791.0,104.0,760.0,381.0,435.0,85.0,901.0,286.0
Corticotropin releasing factor receptor 1,922.0,104.0,383.0,618.0,699.0,163.0,866.0,521.0,566.0,315.0,795.0
Plasminogen,687.0,34.0,690.0,134.0,902.0,230.0,768.0,720.0,957.0,124.0,805.0
Leukocyte adhesion glycoprotein LFA-1 alpha,657.0,123.0,637.0,515.0,629.0,116.0,746.0,445.0,627.0,251.0,688.0
Somatostatin receptor 2,336.0,971.0,413.0,477.0,499.0,724.0,639.0,365.0,143.0,821.0,320.0
DNA topoisomerase II alpha,38.0,977.0,593.0,337.0,202.0,951.0,416.0,460.0,112.0,941.0,392.0
Angiotensin-converting enzyme,558.0,23.0,759.0,357.0,594.0,171.0,172.0,921.0,897.0,77.0,477.0
Prostanoid EP1 receptor,711.0,935.0,675.0,55.0,612.0,815.0,851.0,74.0,242.0,858.0,866.0
Muscarinic acetylcholine receptor M4,265.0,888.0,157.0,800.0,287.0,430.0,435.0,480.0,168.0,870.0,629.0
Inosine-5'-monophosphate dehydrogenase 1,408.0,152.0,544.0,845.0,325.0,568.0,377.0,711.0,274.0,581.0,210.0
Receptor protein-tyrosine kinase erbB-2,873.0,512.0,403.0,753.0,380.0,339.0,397.0,328.0,681.0,188.0,795.0
TNF-alpha,456.0,203.0,466.0,512.0,771.0,368.0,386.0,601.0,725.0,207.0,111.0
Phosphodiesterase 5A,611.0,130.0,466.0,86.0,836.0,536.0,930.0,663.0,758.0,337.0,696.0
Histone deacetylase 3,451.0,40.0,524.0,859.0,213.0,240.0,148.0,799.0,768.0,572.0,529.0
Serotonin 2b (5-HT2b) receptor,569.0,666.0,642.0,860.0,213.0,573.0,275.0,264.0,760.0,243.0,139.0
Thromboxane-A synthase,879.0,109.0,583.0,75.0,793.0,717.0,584.0,357.0,855.0,389.0,726.0
Prostanoid EP4 receptor,68.0,918.0,336.0,632.0,505.0,101.0,195.0,895.0,203.0,285.0,74.0
Tyrosine-protein kinase FYN,898.0,480.0,749.0,54.0,938.0,492.0,928.0,140.0,506.0,514.0,872.0
Macrophage colony stimulating factor  receptor,41.0,912.0,336.0,867.0,209.0,924.0,44.0,850.0,366.0,942.0,874.0
Dopamine D5 receptor,247.0,870.0,250.0,915.0,126.0,820.0,190.0,193.0,119.0,758.0,210.0
Somatostatin receptor 4,522.0,986.0,303.0,131.0,627.0,604.0,968.0,184.0,35.0,901.0,758.0
Gonadotropin-releasing hormone receptor,802.0,363.0,455.0,796.0,666.0,140.0,752.0,324.0,762.0,127.0,459.0
Steroid 5-alpha-reductase 2,984.0,26.0,460.0,443.0,804.0,15.0,996.0,258.0,928.0,57.0,906.0
Voltage-gated T-type calcium channel alpha-1H subunit,546.0,861.0,514.0,210.0,658.0,488.0,464.0,280.0,64.0,439.0,240.0
Thyroid hormone receptor alpha,546.0,61.0,936.0,25.0,933.0,630.0,689.0,316.0,687.0,222.0,551.0
4-hydroxyphenylpyruvate dioxygenase,220.0,780.0,51.0,933.0,42.0,819.0,12.0,839.0,475.0,799.0,111.0
Tyrosine-protein kinase ABL,161.0,77.0,836.0,566.0,114.0,985.0,16.0,750.0,939.0,820.0,868.0
Histone deacetylase 6,164.0,940.0,756.0,531.0,314.0,404.0,604.0,571.0,175.0,596.0,55.0
Alpha-2a adrenergic receptor,704.0,290.0,558.0,372.0,823.0,314.0,691.0,465.0,772.0,195.0,414.0
Vascular endothelial growth factor receptor 1,636.0,127.0,353.0,864.0,502.0,405.0,190.0,643.0,543.0,517.0,778.0
Androgen Receptor,776.0,699.0,495.0,217.0,902.0,285.0,923.0,323.0,338.0,397.0,426.0
Tissue-type plasminogen activator,207.0,335.0,324.0,793.0,124.0,253.0,426.0,895.0,397.0,817.0,710.0
Serotonin 4 (5-HT4) receptor,658.0,864.0,170.0,887.0,188.0,817.0,267.0,228.0,460.0,800.0,476.0
Calcium sensing receptor,521.0,383.0,192.0,517.0,752.0,551.0,637.0,455.0,385.0,353.0,435.0
Prostanoid EP2 receptor,469.0,832.0,455.0,227.0,705.0,137.0,800.0,342.0,294.0,349.0,298.0
Neuronal acetylcholine receptor protein alpha-4 subunit,397.0,479.0,668.0,569.0,287.0,500.0,256.0,547.0,650.0,562.0,491.0
"Potassium channel, inwardly rectifying, subfamily J, member 11",694.0,528.0,867.0,101.0,813.0,676.0,943.0,540.0,305.0,512.0,576.0
Vasopressin V1a receptor,231.0,175.0,454.0,462.0,257.0,196.0,795.0,766.0,406.0,456.0,715.0
Glutamate carboxypeptidase II,872.0,113.0,703.0,72.0,818.0,457.0,572.0,502.0,926.0,278.0,651.0
Serotonin 1b (5-HT1b) receptor,225.0,228.0,676.0,723.0,397.0,779.0,132.0,691.0,773.0,340.0,246.0
Serotonin 3a (5-HT3a) receptor,607.0,966.0,262.0,807.0,294.0,635.0,545.0,194.0,110.0,825.0,537.0
Aldose reductase,765.0,51.0,776.0,169.0,768.0,617.0,417.0,403.0,824.0,373.0,653.0
Cholecystokinin A receptor,328.0,191.0,558.0,380.0,530.0,592.0,809.0,793.0,681.0,829.0,817.0
FK506-binding protein 1A,357.0,756.0,509.0,778.0,504.0,216.0,767.0,287.0,288.0,207.0,189.0
GABA transporter 1,524.0,870.0,536.0,274.0,627.0,642.0,465.0,396.0,118.0,563.0,582.0
Glutamate [NMDA] receptor subunit epsilon 2,373.0,188.0,161.0,669.0,386.0,122.0,101.0,869.0,741.0,307.0,199.0
Serine/threonine-protein kinase RAF,877.0,936.0,401.0,134.0,770.0,425.0,763.0,90.0,396.0,142.0,346.0
Aminopeptidase N,212.0,51.0,454.0,995.0,72.0,461.0,31.0,772.0,839.0,525.0,415.0
Cytochrome P450 11B1,168.0,856.0,824.0,37.0,926.0,858.0,858.0,479.0,159.0,796.0,862.0
Mitogen-activated protein kinase kinase kinase 12,769.0,361.0,871.0,58.0,683.0,702.0,878.0,489.0,715.0,575.0,735.0
Platelet-derived growth factor receptor beta,515.0,754.0,364.0,509.0,745.0,591.0,808.0,109.0,229.0,671.0,266.0
Butyrylcholinesterase,573.0,843.0,194.0,913.0,68.0,419.0,307.0,800.0,386.0,432.0,258.0
Alpha-2c adrenergic receptor,67.0,577.0,121.0,953.0,50.0,744.0,16.0,860.0,642.0,853.0,429.0
Somatostatin receptor 1,663.0,725.0,280.0,361.0,434.0,338.0,777.0,429.0,234.0,432.0,532.0
Voltage-gated calcium channel alpha2/delta subunit 1,566.0,761.0,604.0,341.0,838.0,197.0,561.0,197.0,144.0,230.0,184.0
Vasopressin V1b receptor,759.0,179.0,769.0,696.0,199.0,391.0,676.0,613.0,833.0,411.0,803.0
Protoporphyrinogen oxidase,623.0,976.0,329.0,132.0,820.0,91.0,938.0,370.0,130.0,319.0,140.0
Xanthine dehydrogenase,486.0,78.0,905.0,416.0,437.0,914.0,319.0,323.0,669.0,849.0,797.0
Aldehyde dehydrogenase,809.0,113.0,740.0,388.0,767.0,376.0,647.0,546.0,921.0,208.0,740.0
Stem cell growth factor receptor,710.0,96.0,289.0,256.0,748.0,437.0,690.0,670.0,696.0,135.0,302.0
Histone deacetylase 2,511.0,58.0,726.0,553.0,785.0,184.0,708.0,569.0,658.0,247.0,606.0
Lysine-specific demethylase 2A,226.0,753.0,542.0,455.0,644.0,607.0,558.0,279.0,361.0,851.0,569.0
Histamine H2 receptor,675.0,484.0,578.0,103.0,218.0,582.0,549.0,621.0,560.0,730.0,867.0
Alpha-2b adrenergic receptor,170.0,861.0,406.0,629.0,280.0,525.0,396.0,478.0,175.0,798.0,685.0
Neprilysin,913.0,337.0,429.0,297.0,848.0,557.0,837.0,124.0,389.0,152.0,673.0
Melatonin receptor 1A,614.0,822.0,549.0,330.0,510.0,373.0,287.0,373.0,526.0,405.0,63.0
Melatonin receptor 1B,291.0,316.0,728.0,634.0,335.0,516.0,845.0,621.0,469.0,671.0,393.0
Thyroid hormone receptor beta-1,435.0,105.0,480.0,700.0,654.0,293.0,160.0,838.0,880.0,225.0,747.0
Cyclophilin A,729.0,440.0,273.0,884.0,176.0,476.0,387.0,571.0,684.0,236.0,335.0
Monoamine oxidase A,82.0,975.0,112.0,937.0,147.0,526.0,45.0,656.0,34.0,789.0,38.0
Thymidylate synthase,66.0,775.0,476.0,627.0,279.0,389.0,349.0,560.0,193.0,707.0,119.0
Vascular endothelial growth factor receptor 3,510.0,926.0,125.0,606.0,529.0,832.0,208.0,256.0,576.0,770.0,781.0
Insulin-like growth factor I receptor,748.0,18.0,862.0,384.0,760.0,410.0,791.0,771.0,953.0,132.0,754.0
Dihydroorotate dehydrogenase,787.0,923.0,166.0,262.0,673.0,344.0,810.0,396.0,147.0,629.0,783.0
Epoxide hydrolase 1,567.0,582.0,868.0,61.0,475.0,913.0,879.0,209.0,213.0,904.0,909.0
Sulfonylurea receptor 2,554.0,205.0,354.0,594.0,865.0,134.0,278.0,730.0,480.0,114.0,222.0
Tyrosine-protein kinase receptor FLT3,216.0,583.0,720.0,691.0,326.0,824.0,138.0,755.0,567.0,681.0,559.0
Vitamin D receptor,632.0,910.0,321.0,733.0,459.0,399.0,577.0,169.0,135.0,568.0,219.0
Cytochrome P450 19A1,876.0,20.0,773.0,136.0,866.0,315.0,866.0,254.0,959.0,111.0,429.0
Sodium channel protein type V alpha subunit,67.0,758.0,347.0,831.0,73.0,535.0,85.0,903.0,248.0,547.0,146.0
Insulin receptor,724.0,966.0,184.0,338.0,389.0,249.0,853.0,370.0,170.0,607.0,364.0
Serotonin 1d (5-HT1d) receptor,282.0,951.0,505.0,826.0,361.0,729.0,265.0,295.0,122.0,927.0,605.0
Glucagon receptor,679.0,29.0,554.0,649.0,441.0,367.0,164.0,758.0,934.0,143.0,380.0
Inhibitor of nuclear factor kappa B kinase beta subunit,820.0,25.0,844.0,458.0,545.0,293.0,768.0,811.0,905.0,209.0,886.0
DNA (cytosine-5)-methyltransferase 1,627.0,577.0,495.0,33.0,846.0,394.0,974.0,240.0,139.0,651.0,693.0
Mineralocorticoid receptor,771.0,811.0,315.0,847.0,570.0,266.0,521.0,127.0,663.0,311.0,336.0
Prostanoid IP receptor,287.0,831.0,394.0,378.0,732.0,458.0,452.0,567.0,334.0,280.0,594.0
Equilibrative nucleoside transporter 1,163.0,940.0,401.0,512.0,81.0,915.0,207.0,595.0,163.0,855.0,262.0
Plasma kallikrein,845.0,215.0,640.0,78.0,764.0,525.0,616.0,220.0,635.0,481.0,689.0
Purinergic receptor P2Y12,546.0,95.0,522.0,396.0,743.0,461.0,771.0,797.0,504.0,563.0,861.0
Inosine-5'-monophosphate dehydrogenase 2,73.0,122.0,717.0,969.0,162.0,373.0,41.0,809.0,744.0,546.0,186.0
Retinoic acid receptor gamma,570.0,176.0,467.0,859.0,327.0,539.0,476.0,689.0,739.0,346.0,394.0
Platelet-derived growth factor receptor alpha,255.0,807.0,503.0,363.0,559.0,207.0,523.0,683.0,190.0,401.0,189.0
Isocitrate dehydrogenase [NADP] cytoplasmic,411.0,530.0,517.0,267.0,483.0,717.0,369.0,438.0,484.0,547.0,529.0
Retinoic acid receptor beta,578.0,13.0,675.0,276.0,728.0,113.0,460.0,747.0,965.0,184.0,401.0
C-X-C chemokine receptor type 7,900.0,243.0,740.0,54.0,865.0,485.0,979.0,252.0,566.0,437.0,961.0
Nociceptin receptor,691.0,731.0,179.0,827.0,357.0,775.0,260.0,430.0,384.0,773.0,583.0
Coagulation factor IX,510.0,810.0,363.0,521.0,316.0,800.0,116.0,460.0,488.0,648.0,440.0
Dihydrofolate reductase,118.0,486.0,641.0,481.0,594.0,666.0,769.0,652.0,190.0,723.0,601.0
Niemann-Pick C1-like protein 1,294.0,900.0,348.0,905.0,84.0,151.0,255.0,520.0,365.0,315.0,62.0
Somatostatin receptor 3,349.0,813.0,530.0,404.0,478.0,636.0,614.0,301.0,217.0,838.0,679.0
Epidermal growth factor receptor erbB1,563.0,50.0,778.0,627.0,663.0,672.0,411.0,706.0,842.0,154.0,331.0
Glucocorticoid receptor,296.0,788.0,369.0,436.0,680.0,400.0,38.0,798.0,544.0,292.0,294.0
Muscarinic acetylcholine receptor M5,304.0,927.0,417.0,767.0,394.0,498.0,822.0,94.0,118.0,810.0,664.0
Monoamine oxidase B,809.0,433.0,108.0,90.0,875.0,195.0,925.0,505.0,360.0,299.0,363.0
Thrombin,193.0,650.0,543.0,932.0,63.0,932.0,95.0,484.0,462.0,906.0,707.0
Tyrosine-protein kinase receptor RET,935.0,67.0,356.0,410.0,671.0,313.0,642.0,443.0,921.0,197.0,643.0
"Kynurenine/alpha-aminoadipate aminotransferase, mitochondrial",215.0,946.0,764.0,197.0,252.0,699.0,604.0,656.0,341.0,696.0,273.0
Bile acid receptor FXR,69.0,949.0,449.0,717.0,132.0,730.0,94.0,514.0,119.0,727.0,122.0
Oxytocin receptor,942.0,233.0,609.0,114.0,966.0,461.0,855.0,142.0,841.0,296.0,976.0
Carbonic anhydrase II,797.0,554.0,150.0,680.0,841.0,85.0,614.0,464.0,96.0,221.0,216.0
Peptidyl-prolyl cis-trans isomerase FKBP5,493.0,465.0,869.0,344.0,394.0,612.0,916.0,376.0,324.0,831.0,809.0
Retinoic acid receptor alpha,56.0,29.0,376.0,955.0,26.0,528.0,45.0,950.0,899.0,775.0,381.0
Dopamine D1 receptor,140.0,953.0,270.0,400.0,774.0,516.0,257.0,515.0,124.0,605.0,439.0
Estrogen receptor alpha,805.0,612.0,830.0,66.0,681.0,781.0,900.0,353.0,628.0,455.0,696.0
Retinoid X receptor alpha,938.0,110.0,655.0,131.0,859.0,467.0,679.0,249.0,802.0,134.0,467.0
Ceramide glucosyltransferase,472.0,114.0,704.0,797.0,195.0,620.0,374.0,141.0,619.0,600.0,472.0
Ephrin type-A receptor 2,682.0,477.0,466.0,472.0,778.0,575.0,636.0,829.0,518.0,179.0,328.0
Thromboxane A2 receptor,529.0,923.0,575.0,187.0,732.0,324.0,677.0,417.0,504.0,230.0,382.0
Sodium channel protein type IV alpha subunit,237.0,50.0,523.0,914.0,89.0,199.0,46.0,902.0,872.0,401.0,590.0
Tyrosine-protein kinase YES,78.0,316.0,281.0,983.0,134.0,682.0,137.0,681.0,405.0,814.0,350.0
Progesterone receptor,864.0,100.0,365.0,463.0,257.0,694.0,138.0,720.0,896.0,236.0,312.0
Fatty acid binding protein adipocyte,872.0,497.0,505.0,277.0,581.0,842.0,802.0,220.0,492.0,721.0,824.0
Macrophage migration inhibitory factor,509.0,777.0,134.0,661.0,440.0,423.0,660.0,316.0,123.0,868.0,830.0
Trypsin I,130.0,979.0,375.0,185.0,496.0,251.0,743.0,546.0,38.0,783.0,302.0
Beta-2 adrenergic receptor,565.0,924.0,785.0,159.0,552.0,629.0,823.0,225.0,130.0,804.0,786.0
C-X-C chemokine receptor type 4,848.0,299.0,919.0,100.0,928.0,165.0,888.0,115.0,632.0,213.0,693.0
Cyclin T1,351.0,480.0,168.0,950.0,393.0,208.0,342.0,287.0,669.0,287.0,79.0
Muscarinic acetylcholine receptor M2,642.0,298.0,743.0,106.0,479.0,472.0,607.0,589.0,755.0,228.0,519.0
Beta-1 adrenergic receptor,167.0,148.0,705.0,152.0,581.0,930.0,200.0,910.0,848.0,744.0,675.0
Serotonin 1a (5-HT1a) receptor,902.0,276.0,181.0,543.0,860.0,352.0,692.0,222.0,330.0,440.0,820.0
Kynurenine 3-monooxygenase,707.0,232.0,255.0,755.0,586.0,291.0,443.0,651.0,703.0,359.0,455.0
"Glutaminase kidney isoform, mitochondrial",611.0,987.0,184.0,475.0,368.0,749.0,536.0,165.0,55.0,869.0,569.0
Serine/threonine-protein kinase PIM1,95.0,778.0,380.0,919.0,179.0,794.0,62.0,457.0,350.0,802.0,271.0
Tyrosine-protein kinase JAK3,902.0,347.0,773.0,330.0,870.0,359.0,954.0,321.0,686.0,57.0,134.0
Arachidonate 5-lipoxygenase,599.0,152.0,755.0,304.0,711.0,383.0,781.0,662.0,807.0,156.0,388.0
ATPase family AAA domain-containing protein 2,587.0,95.0,606.0,249.0,299.0,447.0,425.0,897.0,801.0,412.0,849.0
Muscarinic acetylcholine receptor M1,109.0,143.0,516.0,835.0,161.0,231.0,280.0,788.0,788.0,737.0,473.0
Tyrosyl-DNA phosphodiesterase 2,184.0,930.0,179.0,669.0,252.0,750.0,270.0,287.0,63.0,928.0,541.0
Dopamine D2 receptor,767.0,953.0,675.0,63.0,287.0,604.0,827.0,91.0,332.0,493.0,390.0
Beta-glucocerebrosidase,588.0,60.0,832.0,376.0,774.0,281.0,846.0,678.0,590.0,242.0,686.0
Cannabinoid CB1 receptor,581.0,262.0,649.0,380.0,777.0,394.0,591.0,412.0,624.0,236.0,528.0
Serine/threonine-protein kinase Aurora-B,250.0,327.0,295.0,884.0,164.0,754.0,24.0,738.0,702.0,683.0,585.0
Histone-lysine N-methyltransferase EZH2,642.0,856.0,833.0,105.0,473.0,811.0,545.0,222.0,349.0,342.0,262.0
Dopamine D4 receptor,190.0,80.0,674.0,656.0,666.0,280.0,170.0,840.0,856.0,260.0,780.0
Acetylcholinesterase,833.0,430.0,544.0,231.0,477.0,500.0,920.0,253.0,495.0,608.0,623.0
Motilin receptor,192.0,975.0,562.0,813.0,255.0,486.0,692.0,424.0,87.0,811.0,112.0
MAP kinase-activated protein kinase 2,731.0,926.0,355.0,508.0,727.0,343.0,842.0,279.0,272.0,311.0,662.0
Cyclooxygenase-1,337.0,546.0,116.0,174.0,398.0,479.0,129.0,827.0,596.0,776.0,718.0
Norepinephrine transporter,565.0,361.0,682.0,892.0,434.0,181.0,387.0,510.0,533.0,182.0,188.0
Alpha-1d adrenergic receptor,950.0,228.0,521.0,338.0,815.0,735.0,803.0,124.0,706.0,243.0,791.0
Serotonin 2a (5-HT2a) receptor,344.0,33.0,662.0,560.0,363.0,640.0,173.0,934.0,852.0,662.0,858.0
Anandamide amidohydrolase,341.0,649.0,106.0,936.0,216.0,482.0,171.0,733.0,686.0,535.0,203.0
Aldehyde reductase,105.0,912.0,657.0,527.0,413.0,746.0,185.0,374.0,97.0,624.0,88.0
Serotonin 2c (5-HT2c) receptor,813.0,843.0,369.0,158.0,770.0,141.0,870.0,244.0,170.0,461.0,361.0
Tyrosine-protein kinase BLK,402.0,752.0,150.0,490.0,237.0,717.0,439.0,360.0,209.0,805.0,593.0
Dipeptidyl peptidase I,368.0,23.0,672.0,824.0,613.0,767.0,273.0,518.0,942.0,484.0,745.0
Adenosine A1 receptor,888.0,30.0,408.0,741.0,436.0,106.0,175.0,839.0,973.0,60.0,384.0
Acyl coenzyme A:cholesterol acyltransferase,64.0,246.0,669.0,531.0,262.0,353.0,778.0,867.0,116.0,884.0,653.0
Type-1 angiotensin II receptor,397.0,949.0,678.0,194.0,536.0,857.0,623.0,187.0,111.0,841.0,700.0
Sphingosine 1-phosphate receptor Edg-8,571.0,184.0,240.0,778.0,480.0,358.0,584.0,592.0,743.0,302.0,367.0
c-Jun N-terminal kinase 1,835.0,933.0,411.0,729.0,348.0,227.0,843.0,203.0,265.0,593.0,269.0
Serotonin transporter,688.0,611.0,268.0,458.0,685.0,559.0,380.0,607.0,759.0,121.0,271.0
ADAMTS5,818.0,778.0,550.0,146.0,896.0,717.0,645.0,73.0,266.0,489.0,773.0
Peptidyl-prolyl cis-trans isomerase NIMA-interacting 1,411.0,338.0,934.0,274.0,625.0,514.0,765.0,370.0,363.0,203.0,308.0
Alpha-1a adrenergic receptor,500.0,744.0,470.0,387.0,546.0,177.0,806.0,667.0,265.0,710.0,522.0
Dual-specificity tyrosine-phosphorylation regulated kinase 1A,425.0,376.0,115.0,291.0,428.0,412.0,50.0,811.0,532.0,500.0,473.0
Cyclooxygenase-2,219.0,645.0,601.0,560.0,264.0,458.0,875.0,818.0,437.0,263.0,329.0
Voltage-gated potassium channel subunit Kv1.1,223.0,733.0,573.0,291.0,530.0,599.0,448.0,325.0,211.0,839.0,845.0
Histamine H1 receptor,208.0,11.0,919.0,647.0,356.0,442.0,281.0,880.0,968.0,152.0,201.0
ADAMTS4,658.0,240.0,712.0,704.0,278.0,485.0,333.0,470.0,631.0,344.0,372.0
Alpha-1b adrenergic receptor,655.0,833.0,418.0,22.0,908.0,271.0,966.0,159.0,156.0,472.0,519.0
Potassium channel subfamily K member 3,234.0,318.0,745.0,805.0,296.0,621.0,102.0,805.0,786.0,702.0,706.0
"Alpha-1,6-mannosyl-glycoprotein 2-beta-N-acetylglucosaminyltransferase",143.0,293.0,710.0,895.0,118.0,948.0,84.0,814.0,811.0,671.0,705.0
Carbonic anhydrase VII,561.0,757.0,380.0,745.0,210.0,785.0,336.0,123.0,340.0,726.0,587.0
Neurokinin 2 receptor,803.0,899.0,204.0,433.0,725.0,281.0,801.0,206.0,124.0,240.0,116.0
Mu opioid receptor,603.0,827.0,205.0,421.0,653.0,257.0,788.0,264.0,248.0,646.0,644.0
"6-phosphofructo-2-kinase/fructose-2,6-bisphosphatase 3",932.0,93.0,669.0,86.0,929.0,322.0,825.0,416.0,816.0,132.0,605.0
Caspase-3,51.0,57.0,809.0,972.0,130.0,525.0,59.0,898.0,803.0,588.0,419.0
Lysosomal Pro-X carboxypeptidase,967.0,461.0,390.0,118.0,664.0,737.0,673.0,204.0,651.0,398.0,746.0
Glycine transporter 1,219.0,980.0,186.0,547.0,244.0,525.0,608.0,351.0,149.0,867.0,294.0
Dopamine D3 receptor,324.0,10.0,585.0,743.0,686.0,114.0,631.0,855.0,836.0,384.0,815.0
Serine/threonine-protein kinase Sgk1,629.0,636.0,336.0,312.0,583.0,476.0,503.0,619.0,501.0,196.0,162.0
Ribosomal protein S6 kinase alpha 3,870.0,517.0,588.0,393.0,667.0,823.0,470.0,92.0,622.0,485.0,402.0
Peroxisome proliferator-activated receptor gamma,753.0,118.0,144.0,615.0,797.0,115.0,741.0,780.0,731.0,436.0,623.0
Delta opioid receptor,146.0,759.0,601.0,780.0,100.0,619.0,159.0,466.0,139.0,749.0,605.0
Hypoxanthine-guanine phosphoribosyltransferase,167.0,340.0,434.0,693.0,186.0,828.0,73.0,823.0,778.0,527.0,513.0
Kappa opioid receptor,52.0,966.0,210.0,539.0,211.0,422.0,253.0,779.0,62.0,808.0,119.0
C5a anaphylatoxin chemotactic receptor,676.0,989.0,350.0,530.0,431.0,634.0,634.0,93.0,134.0,721.0,118.0
Dual specificity phosphatase Cdc25C,661.0,259.0,838.0,266.0,779.0,370.0,872.0,391.0,699.0,441.0,819.0
Dopamine transporter,924.0,104.0,701.0,164.0,881.0,379.0,754.0,373.0,811.0,81.0,698.0
Peroxisome proliferator-activated receptor alpha,531.0,56.0,481.0,186.0,869.0,415.0,867.0,518.0,684.0,832.0,961.0
HERG,724.0,929.0,697.0,78.0,781.0,594.0,914.0,317.0,221.0,329.0,301.0
Epoxide hydratase,770.0,467.0,559.0,383.0,766.0,346.0,478.0,161.0,559.0,321.0,491.0
Phosphodiesterase 3A,649.0,37.0,854.0,267.0,733.0,809.0,225.0,681.0,925.0,137.0,698.0
C-C chemokine receptor type 1,479.0,717.0,381.0,835.0,66.0,823.0,109.0,549.0,421.0,875.0,412.0
C-C chemokine receptor type 4,654.0,793.0,409.0,771.0,721.0,436.0,886.0,229.0,513.0,266.0,400.0
Estrogen receptor beta,305.0,82.0,553.0,657.0,694.0,97.0,250.0,767.0,669.0,180.0,586.0
Glyoxalase I,400.0,53.0,305.0,549.0,75.0,609.0,120.0,796.0,898.0,886.0,751.0
"Myosin light chain kinase, smooth muscle",215.0,791.0,498.0,417.0,511.0,554.0,677.0,504.0,121.0,759.0,529.0
Serine/threonine-protein kinase AKT2,564.0,643.0,503.0,212.0,570.0,588.0,762.0,747.0,494.0,220.0,401.0
Interleukin-8 receptor B,508.0,866.0,812.0,292.0,658.0,515.0,641.0,368.0,132.0,511.0,221.0
Myeloperoxidase,334.0,914.0,243.0,321.0,235.0,622.0,247.0,773.0,284.0,384.0,252.0
Coagulation factor X,50.0,984.0,612.0,826.0,244.0,541.0,418.0,309.0,101.0,850.0,198.0
Deoxycytidine kinase,891.0,916.0,413.0,434.0,793.0,228.0,949.0,133.0,244.0,277.0,437.0
Muscarinic acetylcholine receptor M3,702.0,231.0,817.0,478.0,278.0,793.0,391.0,354.0,781.0,690.0,891.0
Beta-3 adrenergic receptor,184.0,189.0,264.0,954.0,110.0,635.0,75.0,603.0,632.0,920.0,683.0
Death-associated protein kinase 3,709.0,46.0,692.0,229.0,854.0,348.0,907.0,634.0,778.0,229.0,846.0
Methionine aminopeptidase 1,641.0,441.0,560.0,258.0,635.0,314.0,578.0,827.0,605.0,107.0,131.0
Leukocyte elastase,903.0,324.0,704.0,381.0,791.0,271.0,757.0,101.0,423.0,297.0,805.0
Beta amyloid A4 protein,138.0,332.0,278.0,784.0,339.0,331.0,35.0,879.0,776.0,689.0,228.0
Neurokinin 1 receptor,771.0,691.0,362.0,699.0,370.0,677.0,789.0,286.0,317.0,475.0,470.0
Neuronal acetylcholine receptor protein alpha-7 subunit,272.0,358.0,247.0,937.0,89.0,917.0,49.0,908.0,801.0,533.0,308.0
Adenosine A2a receptor,53.0,681.0,181.0,717.0,226.0,492.0,80.0,786.0,339.0,935.0,377.0
Endothelin receptor ET-A,872.0,16.0,754.0,78.0,929.0,65.0,797.0,561.0,909.0,63.0,641.0
Beta secretase 2,906.0,155.0,713.0,368.0,758.0,207.0,952.0,69.0,604.0,341.0,863.0
Serine/threonine-protein kinase Chk2,436.0,648.0,392.0,648.0,501.0,575.0,500.0,325.0,410.0,677.0,389.0
Cannabinoid CB2 receptor,604.0,888.0,276.0,382.0,227.0,894.0,295.0,630.0,578.0,641.0,600.0
3-phosphoinositide dependent protein kinase-1,398.0,494.0,741.0,422.0,435.0,839.0,574.0,304.0,140.0,877.0,519.0
Phospholipase D1,38.0,988.0,359.0,852.0,43.0,869.0,47.0,734.0,61.0,954.0,239.0
Phosphodiesterase 4A,861.0,376.0,246.0,324.0,776.0,204.0,886.0,568.0,702.0,161.0,694.0
Adenosine A2b receptor,113.0,259.0,393.0,772.0,365.0,619.0,45.0,822.0,526.0,576.0,237.0
Carboxypeptidase B,951.0,779.0,920.0,32.0,955.0,312.0,998.0,17.0,147.0,545.0,808.0
Adenosine A3 receptor,351.0,89.0,341.0,966.0,208.0,315.0,55.0,915.0,976.0,59.0,167.0
Histone deacetylase 5,664.0,427.0,603.0,253.0,806.0,460.0,752.0,326.0,382.0,557.0,694.0
Liver glycogen phosphorylase,364.0,16.0,723.0,784.0,358.0,361.0,72.0,797.0,929.0,242.0,298.0
Tyrosine-protein kinase LCK,338.0,574.0,300.0,569.0,359.0,692.0,81.0,733.0,267.0,922.0,752.0
Cathepsin D,473.0,41.0,567.0,632.0,536.0,629.0,422.0,570.0,839.0,392.0,765.0
Melanocortin receptor 4,353.0,945.0,682.0,256.0,457.0,496.0,796.0,543.0,125.0,225.0,139.0
Peptide N-myristoyltransferase 1,791.0,176.0,477.0,273.0,872.0,340.0,591.0,552.0,720.0,141.0,222.0
Tyrosine-protein kinase SYK,845.0,918.0,201.0,200.0,809.0,661.0,679.0,104.0,297.0,613.0,727.0
MAP kinase p38 alpha,49.0,142.0,160.0,940.0,110.0,421.0,15.0,956.0,735.0,768.0,457.0
Carbonic anhydrase I,392.0,983.0,513.0,478.0,256.0,833.0,572.0,253.0,125.0,824.0,599.0
Furin,955.0,935.0,573.0,96.0,840.0,82.0,999.0,69.0,316.0,182.0,413.0
Tryptase beta-1,167.0,893.0,848.0,137.0,423.0,889.0,474.0,244.0,318.0,861.0,727.0
Glycogen synthase kinase-3 beta,828.0,517.0,512.0,544.0,670.0,105.0,913.0,190.0,399.0,184.0,327.0
Dual specificity protein phosphatase 3,771.0,93.0,537.0,646.0,330.0,604.0,188.0,517.0,855.0,443.0,773.0
c-Jun N-terminal kinase 3,261.0,836.0,349.0,714.0,218.0,496.0,451.0,743.0,144.0,644.0,313.0
Histamine H3 receptor,71.0,481.0,520.0,820.0,141.0,793.0,70.0,817.0,534.0,887.0,641.0
Phosphodiesterase 2A,327.0,878.0,716.0,417.0,641.0,149.0,959.0,339.0,231.0,327.0,191.0
Adenosylhomocysteinase,775.0,375.0,591.0,384.0,643.0,364.0,590.0,428.0,620.0,187.0,474.0
Tyrosine-protein kinase SRC,265.0,6.0,692.0,258.0,462.0,913.0,15.0,770.0,922.0,810.0,780.0
Cathepsin K,867.0,794.0,463.0,78.0,871.0,345.0,940.0,259.0,216.0,372.0,502.0
Macrophage-stimulating protein receptor,305.0,824.0,238.0,961.0,102.0,758.0,124.0,573.0,444.0,689.0,264.0
Cystinyl aminopeptidase,231.0,262.0,452.0,621.0,308.0,379.0,438.0,486.0,319.0,691.0,440.0
Focal adhesion kinase 1,886.0,919.0,676.0,206.0,692.0,433.0,902.0,134.0,281.0,220.0,480.0
Mitogen-activated protein kinase kinase kinase 11,68.0,644.0,543.0,214.0,637.0,435.0,160.0,863.0,498.0,683.0,405.0
Histone deacetylase 7,843.0,222.0,753.0,495.0,708.0,663.0,894.0,377.0,508.0,229.0,537.0
Phosphodiesterase 11A,320.0,895.0,264.0,509.0,468.0,583.0,166.0,738.0,582.0,401.0,454.0
Cytochrome P450 11B2,239.0,69.0,221.0,926.0,274.0,287.0,133.0,669.0,783.0,632.0,748.0
Protein-glutamine gamma-glutamyltransferase,660.0,474.0,237.0,848.0,262.0,547.0,705.0,153.0,367.0,567.0,624.0
Phospholipase D2,686.0,145.0,540.0,579.0,642.0,399.0,197.0,816.0,831.0,112.0,83.0
Metabotropic glutamate receptor 4,382.0,129.0,870.0,388.0,491.0,680.0,334.0,412.0,787.0,696.0,911.0
C-C chemokine receptor type 5,670.0,72.0,483.0,139.0,887.0,477.0,443.0,715.0,843.0,225.0,562.0
Fibroblast growth factor receptor 3,281.0,835.0,459.0,354.0,235.0,621.0,353.0,532.0,176.0,738.0,329.0
Phosphodiesterase 4B,578.0,237.0,464.0,548.0,370.0,332.0,862.0,280.0,520.0,562.0,623.0
Ileal bile acid transporter,754.0,362.0,575.0,298.0,787.0,492.0,512.0,306.0,537.0,388.0,349.0
Integrin alpha-4,669.0,682.0,400.0,430.0,863.0,221.0,482.0,835.0,361.0,111.0,529.0
Sodium/hydrogen exchanger 1,638.0,964.0,181.0,741.0,589.0,299.0,915.0,184.0,182.0,488.0,205.0
Acyl coenzyme A:cholesterol acyltransferase 1,516.0,68.0,439.0,360.0,425.0,885.0,457.0,650.0,705.0,960.0,971.0
Estradiol 17-beta-dehydrogenase 2,781.0,86.0,880.0,75.0,668.0,794.0,731.0,326.0,496.0,374.0,672.0
Vascular endothelial growth factor receptor 2,800.0,526.0,127.0,802.0,541.0,77.0,567.0,175.0,720.0,333.0,168.0
Matrix metalloproteinase 13,151.0,599.0,714.0,543.0,527.0,420.0,191.0,781.0,592.0,491.0,318.0
Tyrosine-protein kinase ZAP-70,121.0,366.0,563.0,951.0,63.0,831.0,79.0,709.0,358.0,818.0,203.0
LXR-alpha,75.0,520.0,450.0,602.0,381.0,836.0,250.0,680.0,358.0,781.0,516.0
Protein-glutamine gamma-glutamyltransferase K,888.0,732.0,466.0,95.0,789.0,281.0,958.0,188.0,490.0,456.0,805.0
Nerve growth factor receptor Trk-A,232.0,518.0,714.0,399.0,329.0,600.0,428.0,852.0,632.0,395.0,542.0
Coagulation factor XI,639.0,938.0,227.0,670.0,533.0,206.0,386.0,261.0,163.0,334.0,136.0
Casein kinase I delta,738.0,713.0,775.0,319.0,592.0,531.0,896.0,297.0,371.0,482.0,738.0
Matrix metalloproteinase 3,760.0,12.0,681.0,137.0,786.0,84.0,590.0,851.0,947.0,143.0,659.0
Tyrosine-protein kinase JAK1,292.0,946.0,283.0,554.0,252.0,921.0,384.0,176.0,108.0,921.0,689.0
Dipeptidyl peptidase IV,571.0,815.0,363.0,790.0,357.0,97.0,608.0,338.0,455.0,220.0,227.0
Serine/threonine-protein kinase mTOR,732.0,191.0,768.0,210.0,606.0,684.0,506.0,530.0,817.0,276.0,665.0
Glycogen synthase kinase-3 alpha,674.0,449.0,477.0,187.0,800.0,703.0,260.0,758.0,443.0,138.0,374.0
Renin,433.0,450.0,357.0,753.0,306.0,831.0,256.0,371.0,515.0,729.0,351.0
Sigma opioid receptor,280.0,715.0,335.0,742.0,181.0,503.0,245.0,619.0,233.0,808.0,338.0
Mitogen-activated protein kinase kinase kinase 9,329.0,192.0,742.0,202.0,707.0,300.0,508.0,709.0,786.0,352.0,578.0
Phosphodiesterase 4D,123.0,168.0,228.0,981.0,267.0,407.0,121.0,714.0,620.0,760.0,832.0
Carbonic anhydrase III,749.0,865.0,752.0,146.0,907.0,194.0,919.0,185.0,143.0,251.0,276.0
Hematopoietic cell protein-tyrosine phosphatase 70Z-PEP,775.0,790.0,331.0,443.0,231.0,448.0,758.0,263.0,302.0,764.0,344.0
Phosphodiesterase 3B,530.0,91.0,553.0,497.0,239.0,782.0,101.0,324.0,867.0,757.0,620.0
Arachidonate 15-lipoxygenase,357.0,354.0,173.0,899.0,350.0,225.0,566.0,852.0,607.0,396.0,570.0
Phosphodiesterase 4C,319.0,114.0,967.0,29.0,877.0,618.0,858.0,740.0,674.0,230.0,534.0
Telomerase reverse transcriptase,891.0,984.0,390.0,558.0,763.0,727.0,551.0,28.0,143.0,316.0,450.0
Protein kinase C gamma,569.0,217.0,616.0,291.0,394.0,561.0,676.0,656.0,499.0,432.0,463.0
Cathepsin S,556.0,847.0,342.0,189.0,461.0,393.0,696.0,580.0,450.0,390.0,396.0
Sphingosine 1-phosphate receptor Edg-5,162.0,629.0,266.0,973.0,115.0,603.0,54.0,833.0,481.0,762.0,369.0
Tyrosine-protein kinase ITK/TSK,241.0,901.0,489.0,546.0,173.0,956.0,87.0,500.0,344.0,878.0,656.0
Dual specificity mitogen-activated protein kinase kinase 2,423.0,788.0,414.0,173.0,709.0,322.0,540.0,357.0,636.0,292.0,141.0
Tyrosine-protein kinase JAK2,415.0,416.0,217.0,948.0,186.0,424.0,166.0,561.0,465.0,614.0,643.0
Rho-associated protein kinase 2,734.0,63.0,493.0,364.0,766.0,248.0,901.0,515.0,605.0,532.0,761.0
Cholecystokinin B receptor,246.0,105.0,282.0,929.0,205.0,524.0,41.0,882.0,796.0,595.0,452.0
Protein kinase C alpha,183.0,314.0,821.0,426.0,616.0,422.0,550.0,545.0,307.0,310.0,474.0
Protein kinase C delta,616.0,237.0,317.0,808.0,346.0,735.0,457.0,204.0,822.0,775.0,526.0
P2X purinoceptor 3,928.0,750.0,378.0,300.0,564.0,390.0,902.0,343.0,485.0,156.0,241.0
Multidrug resistance-associated protein 1,337.0,451.0,945.0,155.0,836.0,587.0,625.0,635.0,325.0,557.0,776.0
Receptor protein-tyrosine kinase erbB-4,340.0,51.0,678.0,348.0,212.0,682.0,263.0,664.0,751.0,740.0,781.0
Cyclin-dependent kinase 2,579.0,374.0,118.0,665.0,622.0,301.0,336.0,420.0,671.0,533.0,474.0
Phosphodiesterase 7A,246.0,971.0,309.0,586.0,633.0,665.0,211.0,407.0,140.0,811.0,184.0
Matriptase,937.0,643.0,580.0,124.0,880.0,265.0,933.0,304.0,268.0,57.0,563.0
Sphingosine kinase 2,313.0,525.0,474.0,937.0,115.0,413.0,599.0,434.0,353.0,727.0,404.0
Serine/threonine-protein kinase PLK1,569.0,620.0,571.0,157.0,401.0,701.0,482.0,693.0,839.0,294.0,296.0
Carbonic anhydrase VI,938.0,757.0,527.0,123.0,836.0,259.0,964.0,74.0,391.0,267.0,652.0
Protein kinase C beta,226.0,53.0,468.0,646.0,378.0,461.0,63.0,804.0,922.0,290.0,562.0
Cyclin-dependent kinase 7,777.0,892.0,750.0,71.0,791.0,564.0,731.0,291.0,345.0,214.0,558.0
Glycine transporter 2,477.0,34.0,230.0,876.0,699.0,195.0,208.0,755.0,675.0,324.0,394.0
Cyclin-dependent kinase 1,318.0,904.0,485.0,261.0,239.0,891.0,522.0,387.0,290.0,837.0,538.0
Excitatory amino acid transporter 1,152.0,614.0,679.0,348.0,452.0,602.0,415.0,684.0,193.0,635.0,393.0
Plasma retinol-binding protein,618.0,276.0,591.0,871.0,713.0,80.0,537.0,451.0,751.0,262.0,502.0
Poly [ADP-ribose] polymerase-1,257.0,986.0,287.0,535.0,299.0,808.0,750.0,88.0,29.0,923.0,369.0
Thymidine phosphorylase,259.0,715.0,609.0,467.0,412.0,323.0,761.0,621.0,230.0,729.0,719.0
Cyclin-dependent kinase 9,757.0,75.0,766.0,136.0,811.0,477.0,875.0,631.0,801.0,301.0,757.0
PI3-kinase p110-delta subunit,756.0,127.0,661.0,637.0,665.0,243.0,721.0,512.0,679.0,223.0,230.0
DNA-dependent protein kinase,520.0,246.0,378.0,289.0,375.0,727.0,95.0,760.0,924.0,478.0,847.0
PI3-kinase p110-beta subunit,88.0,116.0,559.0,665.0,128.0,867.0,13.0,894.0,680.0,888.0,754.0
Serotonin 7 (5-HT7) receptor,724.0,42.0,826.0,184.0,885.0,188.0,858.0,697.0,884.0,87.0,659.0
Bradykinin B2 receptor,681.0,941.0,752.0,254.0,839.0,298.0,961.0,58.0,52.0,493.0,387.0
Protein-tyrosine phosphatase 1C,594.0,608.0,276.0,777.0,77.0,820.0,214.0,735.0,506.0,784.0,375.0
Carboxylesterase 2,598.0,961.0,87.0,735.0,491.0,756.0,141.0,77.0,245.0,742.0,258.0
Estradiol 17-beta-dehydrogenase 1,93.0,250.0,368.0,932.0,146.0,387.0,237.0,917.0,778.0,608.0,666.0
Histone deacetylase 8,760.0,159.0,686.0,170.0,813.0,307.0,720.0,328.0,790.0,281.0,771.0
Prolyl endopeptidase,514.0,498.0,271.0,470.0,440.0,499.0,641.0,700.0,380.0,869.0,681.0
Matrix metalloproteinase 9,757.0,271.0,702.0,268.0,357.0,694.0,278.0,655.0,887.0,355.0,660.0
CD22,875.0,892.0,540.0,588.0,730.0,173.0,964.0,100.0,219.0,81.0,118.0
Metabotropic glutamate receptor 5,40.0,919.0,532.0,537.0,698.0,435.0,116.0,854.0,159.0,324.0,147.0
Sphingosine 1-phosphate receptor Edg-6,654.0,374.0,721.0,116.0,284.0,845.0,798.0,396.0,479.0,740.0,802.0
Rho-associated protein kinase 1,889.0,553.0,411.0,314.0,862.0,62.0,912.0,118.0,411.0,427.0,856.0
Tyrosine-protein kinase HCK,271.0,152.0,509.0,890.0,77.0,660.0,292.0,867.0,829.0,652.0,411.0
Carbonic anhydrase XII,136.0,987.0,238.0,586.0,732.0,568.0,382.0,419.0,27.0,543.0,33.0
Histone deacetylase 1,317.0,54.0,448.0,341.0,428.0,851.0,118.0,354.0,555.0,917.0,853.0
Lysophosphatidic acid receptor Edg-7,740.0,942.0,306.0,889.0,174.0,174.0,892.0,242.0,289.0,377.0,247.0
PI3-kinase p110-gamma subunit,976.0,4.0,869.0,32.0,965.0,190.0,935.0,693.0,982.0,25.0,755.0
PI4-kinase beta subunit,55.0,966.0,298.0,916.0,123.0,783.0,97.0,445.0,193.0,787.0,118.0
Cathepsin L2,668.0,489.0,496.0,689.0,444.0,626.0,236.0,711.0,607.0,467.0,670.0
Urokinase-type plasminogen activator,86.0,817.0,557.0,613.0,194.0,966.0,36.0,281.0,377.0,930.0,681.0
Testis-specific androgen-binding protein,841.0,523.0,532.0,247.0,605.0,85.0,937.0,435.0,259.0,360.0,389.0
Caspase-6,399.0,39.0,583.0,944.0,313.0,233.0,152.0,911.0,924.0,164.0,151.0
Cyclin-dependent kinase 4,224.0,340.0,680.0,95.0,733.0,730.0,411.0,601.0,515.0,434.0,452.0
Histone deacetylase 11,675.0,875.0,153.0,587.0,679.0,91.0,937.0,576.0,104.0,482.0,347.0
Sodium-dependent proline transporter,135.0,841.0,168.0,805.0,168.0,811.0,110.0,469.0,414.0,932.0,847.0
Matrix metalloproteinase-1,791.0,46.0,830.0,532.0,560.0,831.0,617.0,518.0,898.0,493.0,853.0
Matrix metalloproteinase-2,794.0,768.0,679.0,98.0,798.0,354.0,888.0,274.0,418.0,453.0,754.0
Protein-tyrosine phosphatase 1B,869.0,570.0,559.0,319.0,778.0,280.0,650.0,432.0,505.0,133.0,504.0
Acetyl-CoA carboxylase 1,694.0,445.0,315.0,699.0,633.0,715.0,122.0,167.0,572.0,279.0,369.0
Serotonin 6 (5-HT6) receptor,319.0,462.0,559.0,537.0,319.0,513.0,295.0,612.0,382.0,427.0,232.0
MAP kinase ERK1,378.0,97.0,128.0,809.0,392.0,360.0,443.0,903.0,822.0,718.0,880.0
Cytochrome P450 2C9,455.0,986.0,400.0,340.0,671.0,443.0,843.0,212.0,40.0,582.0,149.0
Probable G-protein coupled receptor 88,136.0,986.0,230.0,874.0,197.0,899.0,174.0,501.0,268.0,884.0,563.0
Cytochrome P450 3A4,462.0,635.0,314.0,907.0,141.0,191.0,526.0,321.0,268.0,791.0,302.0
Pregnane X receptor,595.0,869.0,347.0,47.0,856.0,262.0,682.0,283.0,233.0,446.0,192.0
Carboxypeptidase B2 isoform A,796.0,157.0,818.0,627.0,478.0,905.0,638.0,293.0,822.0,369.0,644.0
Serotonin 5a (5-HT5a) receptor,19.0,19.0,719.0,925.0,211.0,389.0,23.0,963.0,902.0,397.0,320.0
Estrogen-related receptor alpha,812.0,35.0,598.0,483.0,477.0,544.0,470.0,568.0,833.0,374.0,662.0
"Amine oxidase, copper containing",619.0,962.0,254.0,163.0,702.0,109.0,859.0,385.0,58.0,596.0,573.0
Protein kinase C zeta,884.0,126.0,851.0,508.0,790.0,354.0,758.0,376.0,737.0,203.0,662.0
Melanin-concentrating hormone receptor 1,807.0,814.0,371.0,461.0,363.0,397.0,820.0,190.0,441.0,712.0,742.0
Caspase-7,305.0,508.0,276.0,278.0,691.0,392.0,500.0,497.0,528.0,394.0,481.0
C-C chemokine receptor type 3,418.0,175.0,623.0,358.0,594.0,855.0,250.0,597.0,857.0,688.0,522.0
Phospholipase A2 group IIA,176.0,827.0,568.0,238.0,198.0,870.0,524.0,508.0,104.0,865.0,604.0
Plasminogen activator inhibitor-1,466.0,283.0,783.0,763.0,273.0,142.0,522.0,688.0,476.0,238.0,265.0
Inhibitor of nuclear factor kappa B kinase alpha subunit,36.0,192.0,144.0,937.0,125.0,529.0,7.0,892.0,726.0,839.0,342.0
Proteasome Macropain subunit,879.0,853.0,455.0,39.0,879.0,581.0,928.0,170.0,146.0,638.0,538.0
Carbonic anhydrase XIV,889.0,21.0,805.0,793.0,640.0,682.0,304.0,548.0,956.0,53.0,276.0
LDL-associated phospholipase A2,86.0,388.0,264.0,884.0,160.0,220.0,67.0,904.0,701.0,422.0,160.0
Cytochrome P450 17A1,946.0,969.0,809.0,51.0,943.0,67.0,993.0,37.0,105.0,100.0,627.0
Histone deacetylase 4,786.0,712.0,454.0,258.0,662.0,359.0,226.0,537.0,604.0,157.0,329.0
Inhibitor of nuclear factor kappa B kinase epsilon subunit,56.0,637.0,767.0,778.0,155.0,925.0,176.0,609.0,327.0,901.0,856.0
Phosphodiesterase 9A,651.0,51.0,680.0,343.0,671.0,736.0,370.0,346.0,806.0,346.0,880.0
Tyrosine-protein kinase TYK2,390.0,644.0,606.0,216.0,515.0,416.0,923.0,388.0,278.0,875.0,786.0
Steryl-sulfatase,117.0,232.0,430.0,593.0,102.0,392.0,118.0,890.0,603.0,874.0,630.0
"Nitric-oxide synthase, brain",473.0,869.0,109.0,954.0,184.0,689.0,210.0,599.0,129.0,694.0,62.0
Cholesteryl ester transfer protein,850.0,963.0,385.0,486.0,350.0,791.0,907.0,124.0,318.0,776.0,517.0
Protein kinase C epsilon,218.0,857.0,533.0,631.0,801.0,423.0,449.0,346.0,314.0,356.0,562.0
Dual specificity mitogen-activated protein kinase kinase 1,120.0,862.0,145.0,522.0,127.0,401.0,88.0,798.0,302.0,775.0,159.0
Adenosine kinase,371.0,68.0,770.0,748.0,399.0,611.0,363.0,448.0,773.0,754.0,597.0
Hormone sensitive lipase,917.0,682.0,385.0,183.0,791.0,724.0,481.0,516.0,679.0,79.0,480.0
Carbonic anhydrase IX,699.0,678.0,495.0,229.0,590.0,391.0,807.0,361.0,292.0,722.0,835.0
Protein kinase C eta,677.0,482.0,913.0,95.0,869.0,788.0,870.0,328.0,367.0,411.0,729.0
Cytochrome P450 2C19,102.0,969.0,187.0,833.0,134.0,512.0,532.0,443.0,76.0,878.0,233.0
Quinone reductase 1),529.0,286.0,639.0,503.0,479.0,135.0,839.0,667.0,687.0,203.0,397.0
Casein kinase II alpha,783.0,17.0,271.0,734.0,782.0,377.0,52.0,733.0,966.0,120.0,548.0
Opioid growth factor receptor-like protein 1,94.0,668.0,645.0,640.0,169.0,656.0,395.0,778.0,226.0,714.0,371.0
Kininogen-1,596.0,207.0,490.0,792.0,549.0,537.0,256.0,472.0,621.0,470.0,565.0
Acetyl-coenzyme A transporter 1,389.0,673.0,281.0,865.0,449.0,135.0,662.0,581.0,445.0,276.0,110.0
Fibroblast growth factor receptor 1,594.0,548.0,492.0,398.0,310.0,916.0,208.0,247.0,585.0,784.0,707.0
PI4-kinase alpha subunit,844.0,381.0,333.0,208.0,494.0,107.0,798.0,711.0,610.0,274.0,525.0
Arachidonate 12-lipoxygenase,397.0,597.0,408.0,125.0,620.0,701.0,519.0,364.0,142.0,855.0,749.0
Autotaxin,332.0,476.0,900.0,601.0,153.0,526.0,327.0,637.0,749.0,172.0,203.0
ADAM17,62.0,740.0,620.0,900.0,295.0,544.0,340.0,648.0,187.0,823.0,588.0
Prostanoid EP3 receptor,810.0,880.0,270.0,148.0,872.0,565.0,807.0,93.0,365.0,616.0,753.0
Hepatocyte growth factor receptor,877.0,154.0,337.0,648.0,602.0,180.0,426.0,567.0,740.0,205.0,492.0
Carbonic anhydrase IV,560.0,173.0,739.0,366.0,622.0,725.0,451.0,621.0,673.0,324.0,598.0
11-beta-hydroxysteroid dehydrogenase 2,877.0,213.0,884.0,73.0,928.0,108.0,878.0,443.0,855.0,42.0,357.0
Histamine H4 receptor,437.0,775.0,272.0,686.0,246.0,753.0,316.0,718.0,525.0,495.0,230.0
Beta-glucosidase,596.0,120.0,434.0,424.0,362.0,520.0,253.0,709.0,854.0,624.0,915.0
Urotensin II receptor,322.0,871.0,395.0,414.0,599.0,776.0,362.0,180.0,96.0,920.0,487.0
Metabotropic glutamate receptor 1,104.0,276.0,273.0,949.0,127.0,606.0,91.0,902.0,703.0,394.0,323.0
Dual specificity phosphatase Cdc25A,360.0,948.0,342.0,564.0,735.0,421.0,852.0,267.0,113.0,613.0,487.0
Caspase-8,794.0,541.0,645.0,221.0,568.0,164.0,924.0,385.0,374.0,217.0,399.0
Interleukin-1 receptor-associated kinase 4,501.0,45.0,887.0,475.0,130.0,832.0,186.0,601.0,883.0,644.0,614.0
Histone acetyltransferase p300,309.0,961.0,592.0,88.0,746.0,141.0,862.0,235.0,128.0,558.0,302.0
Hydroxycarboxylic acid receptor 2,193.0,950.0,190.0,538.0,362.0,885.0,103.0,564.0,220.0,895.0,608.0
Serine/threonine-protein kinase PLK4,857.0,182.0,670.0,633.0,927.0,167.0,952.0,176.0,469.0,55.0,197.0
Melanocortin receptor 1,355.0,12.0,406.0,927.0,363.0,208.0,228.0,933.0,889.0,109.0,156.0
Calcitonin gene-related peptide type 1 receptor,522.0,399.0,300.0,805.0,164.0,674.0,155.0,592.0,512.0,620.0,384.0
T-cell protein-tyrosine phosphatase,781.0,213.0,782.0,195.0,738.0,392.0,866.0,495.0,726.0,357.0,616.0
Cytosolic phospholipase A2,658.0,989.0,289.0,225.0,675.0,830.0,493.0,88.0,88.0,725.0,694.0
Hexokinase type IV,58.0,913.0,453.0,841.0,148.0,684.0,357.0,421.0,82.0,961.0,768.0
Serine/threonine-protein kinase NEK2,506.0,676.0,889.0,187.0,448.0,772.0,143.0,475.0,805.0,183.0,127.0
LIM domain kinase 1,789.0,346.0,665.0,159.0,730.0,288.0,831.0,330.0,699.0,234.0,549.0
Cathepsin L,495.0,191.0,260.0,96.0,619.0,383.0,894.0,430.0,567.0,708.0,910.0
Protein kinase C mu,615.0,422.0,430.0,522.0,310.0,322.0,620.0,495.0,747.0,709.0,485.0
Protein-tyrosine phosphatase 2C,265.0,684.0,674.0,916.0,533.0,842.0,181.0,302.0,417.0,438.0,619.0
Matrix metalloproteinase 14,364.0,980.0,447.0,415.0,395.0,146.0,854.0,815.0,45.0,544.0,151.0
Heat shock protein HSP 90-alpha,431.0,677.0,263.0,351.0,640.0,335.0,461.0,508.0,374.0,705.0,434.0
Sodium/glucose cotransporter 2,611.0,77.0,609.0,798.0,788.0,143.0,586.0,561.0,778.0,129.0,449.0
Calpain 1,968.0,14.0,319.0,624.0,399.0,805.0,450.0,453.0,945.0,441.0,854.0
Sphingosine 1-phosphate receptor Edg-3,105.0,118.0,871.0,235.0,553.0,912.0,189.0,704.0,633.0,686.0,798.0
Bone morphogenetic protein 1,377.0,130.0,299.0,725.0,500.0,360.0,457.0,681.0,560.0,600.0,742.0
Glutathione S-transferase Pi,928.0,350.0,655.0,75.0,864.0,105.0,976.0,182.0,588.0,346.0,416.0
Tyrosine-protein kinase Lyn,199.0,564.0,566.0,969.0,69.0,663.0,63.0,909.0,849.0,433.0,186.0
Ribosomal protein S6 kinase alpha 2,884.0,670.0,616.0,54.0,826.0,584.0,866.0,101.0,309.0,562.0,784.0
Carbonic anhydrase XIII,557.0,518.0,176.0,139.0,704.0,431.0,654.0,356.0,394.0,248.0,696.0
Complement C1s,647.0,868.0,233.0,860.0,254.0,601.0,222.0,503.0,439.0,427.0,516.0
Protein kinase C theta,128.0,613.0,340.0,836.0,522.0,509.0,75.0,791.0,477.0,232.0,80.0
Heparanase,82.0,584.0,478.0,560.0,105.0,802.0,261.0,554.0,424.0,922.0,561.0
Methionine aminopeptidase 2,749.0,512.0,835.0,116.0,657.0,296.0,927.0,494.0,516.0,454.0,694.0
Serine/threonine-protein kinase Aurora-C,186.0,996.0,37.0,989.0,37.0,586.0,30.0,654.0,146.0,917.0,103.0
Quinone reductase 2,138.0,866.0,368.0,569.0,524.0,859.0,138.0,473.0,230.0,817.0,540.0
MAP kinase p38 beta,720.0,230.0,555.0,287.0,614.0,453.0,588.0,350.0,457.0,420.0,231.0
Carbonic anhydrase VB,971.0,9.0,965.0,26.0,962.0,359.0,973.0,183.0,886.0,114.0,935.0
GAR transformylase,488.0,747.0,446.0,711.0,698.0,375.0,627.0,794.0,341.0,243.0,445.0
Proteinase-activated receptor 1,96.0,356.0,509.0,854.0,149.0,735.0,49.0,669.0,658.0,609.0,286.0
"Fructose-1,6-bisphosphatase",278.0,574.0,207.0,322.0,346.0,715.0,309.0,857.0,517.0,865.0,828.0
Dipeptidyl peptidase II,548.0,190.0,435.0,622.0,481.0,177.0,578.0,450.0,820.0,304.0,478.0
Peroxisome proliferator-activated receptor delta,950.0,42.0,453.0,912.0,752.0,78.0,831.0,356.0,777.0,72.0,289.0
Serine/threonine-protein kinase 10,338.0,645.0,752.0,171.0,566.0,689.0,461.0,532.0,496.0,394.0,223.0
Dual specificity protein kinase TTK,469.0,239.0,650.0,189.0,325.0,638.0,657.0,529.0,715.0,790.0,793.0
Coagulation factor VII,194.0,45.0,628.0,726.0,255.0,662.0,287.0,677.0,801.0,559.0,708.0
PI3-kinase p110-alpha subunit,470.0,100.0,823.0,887.0,508.0,643.0,199.0,593.0,723.0,307.0,534.0
Tyrosine-protein kinase ABL2,592.0,794.0,403.0,428.0,698.0,116.0,774.0,420.0,167.0,414.0,494.0
C-C chemokine receptor type 2,742.0,888.0,730.0,183.0,568.0,752.0,664.0,307.0,562.0,145.0,253.0
"Glutamate receptor ionotropic, AMPA 2",96.0,909.0,236.0,822.0,291.0,353.0,127.0,741.0,119.0,619.0,164.0
Neuropeptide Y receptor type 2,524.0,938.0,111.0,704.0,394.0,586.0,479.0,136.0,231.0,857.0,708.0
HMG-CoA reductase,473.0,583.0,240.0,500.0,863.0,499.0,520.0,369.0,99.0,536.0,356.0
Signal transducer and activator of transcription 3,261.0,894.0,471.0,512.0,485.0,166.0,801.0,740.0,483.0,528.0,390.0
Interleukin-8 receptor A,802.0,351.0,828.0,67.0,720.0,391.0,943.0,280.0,483.0,413.0,829.0
Cyclin-dependent kinase 5,888.0,457.0,515.0,161.0,682.0,845.0,527.0,237.0,772.0,466.0,905.0
MAP kinase ERK2,740.0,806.0,595.0,600.0,141.0,525.0,529.0,173.0,484.0,504.0,94.0
Cystic fibrosis transmembrane conductance regulator,268.0,944.0,201.0,568.0,320.0,506.0,627.0,642.0,97.0,745.0,208.0
Chymase,271.0,142.0,230.0,521.0,654.0,486.0,215.0,871.0,666.0,475.0,639.0
Casein kinase II alpha (prime),135.0,247.0,255.0,875.0,143.0,456.0,95.0,880.0,434.0,693.0,636.0
Cathepsin B,772.0,413.0,506.0,121.0,864.0,217.0,814.0,105.0,375.0,193.0,213.0
Matrix metalloproteinase 7,707.0,327.0,819.0,184.0,369.0,213.0,748.0,500.0,602.0,359.0,448.0
Bombesin receptor subtype-3,109.0,18.0,878.0,725.0,511.0,712.0,106.0,886.0,960.0,312.0,721.0
LXR-beta,830.0,922.0,591.0,586.0,520.0,572.0,756.0,93.0,170.0,355.0,167.0
Neurotensin receptor 1,198.0,41.0,665.0,884.0,225.0,754.0,77.0,868.0,801.0,528.0,432.0
Tyrosine-protein kinase TIE-2,363.0,715.0,609.0,236.0,739.0,812.0,371.0,442.0,268.0,794.0,819.0
Fibroblast growth factor receptor 2,820.0,881.0,142.0,115.0,698.0,144.0,972.0,186.0,267.0,580.0,651.0
Histone deacetylase 9,758.0,669.0,599.0,589.0,589.0,98.0,946.0,411.0,437.0,236.0,327.0
Fatty acid synthase,538.0,141.0,483.0,587.0,729.0,242.0,598.0,616.0,586.0,300.0,778.0
c-Jun N-terminal kinase 2,99.0,822.0,763.0,714.0,339.0,772.0,62.0,669.0,188.0,850.0,431.0
Sodium channel protein type II alpha subunit,102.0,971.0,110.0,889.0,209.0,837.0,74.0,434.0,67.0,906.0,255.0
Monoglyceride lipase,447.0,726.0,567.0,291.0,584.0,697.0,638.0,378.0,399.0,441.0,366.0
Inhibitor of apoptosis protein 3,710.0,870.0,158.0,618.0,121.0,726.0,171.0,224.0,666.0,631.0,418.0
Serine/threonine-protein kinase 2,831.0,145.0,534.0,156.0,701.0,283.0,745.0,599.0,765.0,206.0,473.0
Dual specificity protein kinase CLK4,608.0,343.0,650.0,861.0,168.0,709.0,340.0,249.0,648.0,506.0,414.0
MAP kinase signal-integrating kinase 2,297.0,293.0,471.0,444.0,516.0,504.0,407.0,892.0,711.0,727.0,794.0
Proteasome component C5,296.0,779.0,362.0,465.0,320.0,455.0,603.0,460.0,159.0,674.0,446.0
Tyrosine-protein kinase FRK,429.0,152.0,305.0,708.0,687.0,531.0,338.0,817.0,663.0,433.0,583.0
Dual specificty protein kinase CLK1,285.0,967.0,700.0,295.0,711.0,657.0,493.0,227.0,108.0,397.0,132.0
Dual specificity protein kinase CLK2,874.0,128.0,582.0,476.0,779.0,584.0,871.0,490.0,896.0,482.0,924.0
Lipoxin A4 receptor,432.0,11.0,908.0,618.0,316.0,663.0,540.0,673.0,910.0,258.0,544.0
Estradiol 17-beta-dehydrogenase 3,773.0,204.0,494.0,267.0,546.0,384.0,215.0,639.0,809.0,244.0,413.0
11-beta-hydroxysteroid dehydrogenase 1,324.0,194.0,266.0,844.0,140.0,347.0,283.0,781.0,758.0,613.0,700.0
Ribosomal protein S6 kinase alpha 5,368.0,982.0,108.0,354.0,627.0,176.0,358.0,595.0,41.0,678.0,130.0
ALK tyrosine kinase receptor,253.0,909.0,310.0,718.0,377.0,673.0,346.0,311.0,291.0,775.0,535.0
Hypoxia-inducible factor 1 alpha,863.0,882.0,853.0,47.0,908.0,406.0,946.0,78.0,385.0,273.0,754.0
TGF-beta receptor type II,559.0,396.0,273.0,645.0,426.0,834.0,135.0,548.0,390.0,565.0,216.0
Serine/threonine-protein kinase AKT,734.0,736.0,458.0,693.0,528.0,489.0,809.0,220.0,244.0,590.0,681.0
Sodium channel protein type IX alpha subunit,240.0,45.0,416.0,752.0,242.0,644.0,37.0,830.0,846.0,421.0,239.0
P-glycoprotein 1,825.0,812.0,682.0,32.0,864.0,577.0,959.0,67.0,316.0,730.0,916.0
Heat shock protein HSP 90-beta,927.0,14.0,606.0,536.0,834.0,30.0,961.0,675.0,931.0,56.0,638.0
Calcium-activated potassium channel subunit alpha-1,244.0,502.0,410.0,938.0,147.0,692.0,465.0,505.0,327.0,817.0,640.0
Intermediate conductance calcium-activated potassium channel protein 4,163.0,852.0,694.0,531.0,280.0,774.0,452.0,346.0,248.0,733.0,523.0
Voltage-gated potassium channel subunit Kv1.5,133.0,736.0,303.0,471.0,243.0,257.0,101.0,926.0,607.0,431.0,342.0
Bradykinin B1 receptor,478.0,271.0,595.0,141.0,760.0,496.0,527.0,897.0,531.0,318.0,619.0
Purinergic receptor P2Y1,237.0,58.0,195.0,940.0,161.0,442.0,22.0,819.0,897.0,575.0,493.0
Sphingosine 1-phosphate receptor Edg-1,614.0,181.0,766.0,607.0,557.0,294.0,799.0,541.0,725.0,311.0,548.0
Purine nucleoside phosphorylase,742.0,424.0,807.0,188.0,820.0,856.0,777.0,65.0,139.0,673.0,659.0
Serine/threonine-protein kinase GAK,248.0,961.0,396.0,810.0,305.0,369.0,504.0,548.0,122.0,428.0,32.0
Induced myeloid leukemia cell differentiation protein Mcl-1,684.0,711.0,534.0,236.0,403.0,794.0,642.0,152.0,572.0,570.0,682.0
Dual-specificity tyrosine-phosphorylation regulated kinase 2,490.0,690.0,604.0,719.0,498.0,365.0,218.0,629.0,638.0,66.0,143.0
Gastric inhibitory polypeptide receptor,565.0,286.0,920.0,13.0,626.0,336.0,961.0,366.0,374.0,818.0,938.0
Matrix metalloproteinase 12,295.0,493.0,198.0,826.0,525.0,324.0,204.0,753.0,466.0,605.0,632.0
Sphingosine kinase 1,874.0,497.0,371.0,251.0,629.0,515.0,755.0,209.0,551.0,621.0,849.0
Phosphodiesterase 8B,301.0,337.0,321.0,758.0,324.0,526.0,90.0,656.0,613.0,413.0,136.0
Phosphodiesterase 10A,905.0,937.0,459.0,93.0,705.0,560.0,944.0,118.0,243.0,355.0,213.0
Free fatty acid receptor 1,553.0,62.0,863.0,248.0,763.0,509.0,371.0,538.0,848.0,297.0,390.0
Prostanoid DP receptor,147.0,861.0,156.0,763.0,193.0,645.0,461.0,899.0,206.0,793.0,684.0
Neurokinin 3 receptor,110.0,567.0,307.0,882.0,402.0,596.0,48.0,806.0,468.0,830.0,656.0
TGF-beta receptor type I,344.0,203.0,438.0,543.0,631.0,698.0,129.0,629.0,560.0,567.0,589.0
C-X-C chemokine receptor type 3,681.0,354.0,416.0,609.0,599.0,760.0,841.0,123.0,437.0,690.0,692.0
Vitamin K-dependent protein C,483.0,797.0,326.0,754.0,185.0,177.0,527.0,506.0,445.0,406.0,142.0
Tyrosine-protein kinase FGR,389.0,457.0,426.0,791.0,518.0,435.0,259.0,507.0,727.0,526.0,385.0
NAD-dependent deacetylase sirtuin 3,713.0,371.0,255.0,515.0,331.0,589.0,698.0,483.0,610.0,501.0,581.0
NAD-dependent deacetylase sirtuin 2,594.0,650.0,712.0,525.0,263.0,736.0,456.0,462.0,364.0,717.0,868.0
Acyl coenzyme A:cholesterol acyltransferase 2,159.0,977.0,824.0,232.0,478.0,449.0,729.0,349.0,54.0,739.0,241.0
Voltage-gated N-type calcium channel alpha-1B subunit,278.0,36.0,485.0,734.0,584.0,524.0,34.0,958.0,914.0,106.0,342.0
"Nitric oxide synthase, inducible",830.0,6.0,811.0,62.0,922.0,52.0,774.0,864.0,956.0,85.0,748.0
Serine/threonine-protein kinase PAK 4,179.0,981.0,217.0,769.0,190.0,856.0,595.0,145.0,75.0,950.0,613.0
Ribosomal protein S6 kinase 1,675.0,963.0,319.0,333.0,420.0,74.0,893.0,357.0,101.0,304.0,87.0
NAD-dependent deacetylase sirtuin 1,856.0,379.0,452.0,94.0,926.0,394.0,801.0,216.0,646.0,114.0,332.0
Glutaminyl-peptide cyclotransferase,282.0,539.0,722.0,682.0,191.0,859.0,418.0,295.0,532.0,786.0,674.0
Serine/threonine-protein kinase PIM2,744.0,849.0,700.0,223.0,649.0,657.0,910.0,180.0,207.0,370.0,607.0
TRAF2- and NCK-interacting kinase,987.0,834.0,768.0,204.0,814.0,361.0,897.0,83.0,305.0,381.0,788.0
Coagulation factor XIII,79.0,34.0,706.0,794.0,444.0,647.0,117.0,733.0,862.0,543.0,527.0
5-lipoxygenase activating protein,208.0,684.0,180.0,495.0,527.0,245.0,164.0,926.0,572.0,305.0,321.0
Neuropeptide Y receptor type 5,777.0,77.0,426.0,666.0,424.0,325.0,714.0,423.0,658.0,465.0,796.0
Kinesin-like protein 1,459.0,882.0,205.0,871.0,151.0,795.0,137.0,304.0,359.0,667.0,181.0
Matrix metalloproteinase 8,392.0,505.0,293.0,637.0,392.0,325.0,340.0,738.0,397.0,751.0,242.0
C-C chemokine receptor type 8,359.0,783.0,426.0,821.0,571.0,497.0,228.0,336.0,348.0,514.0,537.0
Tyrosine kinase non-receptor protein 2,603.0,856.0,721.0,251.0,683.0,668.0,844.0,92.0,198.0,657.0,528.0
Serine/threonine-protein kinase PAK 1,639.0,38.0,243.0,264.0,494.0,163.0,609.0,852.0,864.0,282.0,714.0
Tyrosine-protein kinase BRK,493.0,846.0,852.0,251.0,395.0,666.0,563.0,593.0,492.0,420.0,508.0
Melanocortin receptor 5,842.0,13.0,727.0,432.0,873.0,177.0,515.0,539.0,948.0,93.0,706.0
Ghrelin receptor,546.0,199.0,589.0,537.0,221.0,463.0,290.0,696.0,816.0,226.0,355.0
Phenylethanolamine N-methyltransferase,212.0,880.0,185.0,742.0,388.0,573.0,175.0,693.0,220.0,729.0,217.0
Leukotriene A4 hydrolase,191.0,31.0,854.0,506.0,760.0,971.0,133.0,734.0,744.0,619.0,663.0
Apoptosis regulator Bcl-X,476.0,854.0,130.0,278.0,493.0,547.0,426.0,404.0,150.0,880.0,380.0
Serine/threonine-protein kinase Chk1,534.0,913.0,164.0,518.0,660.0,521.0,693.0,168.0,203.0,806.0,775.0
Voltage-gated potassium channel subunit Kv1.3,474.0,776.0,526.0,851.0,382.0,142.0,799.0,460.0,227.0,167.0,138.0
Voltage-gated T-type calcium channel alpha-1G subunit,660.0,319.0,669.0,189.0,597.0,179.0,835.0,656.0,757.0,253.0,614.0
Melanocortin receptor 3,232.0,12.0,880.0,751.0,328.0,689.0,77.0,928.0,907.0,313.0,654.0
Dipeptidyl peptidase VIII,756.0,927.0,646.0,75.0,906.0,272.0,807.0,250.0,344.0,305.0,794.0
Lymphocyte differentiation antigen CD38,845.0,498.0,395.0,82.0,684.0,568.0,904.0,208.0,285.0,735.0,908.0
Proteasome Macropain subunit MB1,124.0,142.0,523.0,951.0,134.0,800.0,35.0,772.0,633.0,767.0,471.0
Apoptosis regulator Bcl-W,773.0,861.0,618.0,221.0,434.0,566.0,808.0,272.0,479.0,542.0,369.0
Aldo-keto-reductase family 1 member C3,491.0,749.0,114.0,884.0,282.0,392.0,382.0,526.0,449.0,457.0,242.0
Fibroblast activation protein alpha,343.0,383.0,834.0,481.0,697.0,381.0,735.0,415.0,690.0,406.0,540.0
"Indoleamine 2,3-dioxygenase",241.0,526.0,907.0,173.0,355.0,884.0,834.0,463.0,380.0,825.0,734.0
Malonyl-CoA decarboxylase,973.0,886.0,358.0,204.0,809.0,479.0,944.0,56.0,354.0,272.0,284.0
Isoprenylcysteine carboxyl methyltransferase,285.0,108.0,138.0,939.0,90.0,461.0,56.0,922.0,793.0,378.0,284.0
Serine/threonine-protein kinase Aurora-A,165.0,986.0,194.0,581.0,258.0,370.0,600.0,206.0,34.0,825.0,118.0
C3a anaphylatoxin chemotactic receptor,253.0,731.0,507.0,644.0,334.0,524.0,376.0,650.0,293.0,771.0,878.0
Vesicular acetylcholine transporter,164.0,373.0,221.0,838.0,233.0,683.0,56.0,922.0,699.0,561.0,232.0
Geranylgeranyl pyrophosphate synthetase,765.0,346.0,467.0,137.0,880.0,298.0,551.0,666.0,784.0,106.0,461.0
Neuropeptide Y receptor type 1,942.0,337.0,629.0,97.0,925.0,479.0,930.0,69.0,488.0,322.0,656.0
Carbonic anhydrase VA,182.0,142.0,459.0,935.0,87.0,427.0,24.0,772.0,801.0,696.0,821.0
Endothelin-converting enzyme 1,592.0,97.0,551.0,558.0,485.0,517.0,518.0,429.0,771.0,498.0,431.0
Orexin receptor 2,258.0,594.0,448.0,546.0,656.0,593.0,762.0,672.0,187.0,722.0,488.0
Dipeptidyl peptidase IX,646.0,660.0,523.0,691.0,668.0,555.0,282.0,353.0,517.0,160.0,217.0
Vanilloid receptor,73.0,928.0,585.0,786.0,103.0,976.0,20.0,618.0,244.0,858.0,442.0
Caspase-1,775.0,708.0,275.0,337.0,730.0,34.0,956.0,456.0,386.0,246.0,308.0
"Nitric-oxide synthase, endothelial",577.0,339.0,477.0,33.0,890.0,420.0,678.0,371.0,734.0,333.0,780.0
Dual specificity phosphatase Cdc25B,508.0,839.0,376.0,349.0,447.0,720.0,783.0,321.0,91.0,821.0,727.0
P2X purinoceptor 7,947.0,26.0,709.0,400.0,622.0,162.0,931.0,651.0,974.0,50.0,748.0
Serine/threonine-protein kinase AKT3,841.0,732.0,632.0,296.0,698.0,296.0,862.0,207.0,293.0,343.0,484.0
Beta-secretase 1,416.0,207.0,504.0,570.0,353.0,691.0,334.0,610.0,503.0,874.0,738.0
Acetyl-CoA carboxylase 2,518.0,119.0,936.0,39.0,906.0,769.0,502.0,294.0,556.0,216.0,474.0
L-lactate dehydrogenase A chain,162.0,552.0,347.0,813.0,272.0,103.0,592.0,753.0,414.0,478.0,299.0
C-X3-C chemokine receptor 1,685.0,102.0,263.0,810.0,532.0,360.0,43.0,717.0,913.0,110.0,138.0
Eukaryotic translation initation factor,156.0,799.0,485.0,866.0,216.0,680.0,430.0,162.0,232.0,916.0,539.0
Apoptosis regulator Bcl-2,71.0,836.0,273.0,637.0,138.0,843.0,106.0,904.0,515.0,882.0,632.0
Cytochrome P450 1B1,480.0,874.0,209.0,516.0,624.0,289.0,698.0,562.0,174.0,678.0,565.0
Tyrosine-protein kinase receptor UFO,947.0,695.0,788.0,55.0,919.0,108.0,985.0,146.0,607.0,196.0,503.0
Neurotrophic tyrosine kinase receptor type 2,164.0,430.0,397.0,950.0,45.0,822.0,158.0,899.0,314.0,721.0,681.0
Mitogen-activated protein kinase kinase kinase 8,494.0,730.0,742.0,105.0,590.0,422.0,702.0,146.0,171.0,474.0,649.0
Low molecular weight phosphotyrosine protein phosphatase,831.0,870.0,672.0,140.0,815.0,431.0,918.0,53.0,162.0,373.0,444.0
Casein kinase I epsilon,552.0,658.0,301.0,193.0,748.0,808.0,499.0,453.0,467.0,627.0,429.0
L-lactate dehydrogenase B chain,494.0,165.0,742.0,782.0,185.0,581.0,82.0,573.0,917.0,401.0,318.0
S-methyl-5-thioadenosine phosphorylase,173.0,462.0,419.0,977.0,80.0,257.0,205.0,914.0,663.0,446.0,285.0
Proto-oncogene c-JUN,81.0,108.0,214.0,903.0,135.0,931.0,20.0,949.0,726.0,808.0,333.0
Sodium/glucose cotransporter 1,583.0,693.0,334.0,648.0,505.0,604.0,649.0,121.0,151.0,779.0,770.0
Transketolase,938.0,831.0,834.0,7.0,955.0,208.0,990.0,38.0,453.0,341.0,871.0
Serine/threonine-protein kinase RIPK2,394.0,732.0,181.0,544.0,797.0,774.0,306.0,440.0,260.0,290.0,231.0
p53-binding protein Mdm-2,527.0,634.0,341.0,696.0,374.0,295.0,465.0,537.0,530.0,515.0,551.0
Serine-protein kinase ATR,697.0,30.0,658.0,560.0,588.0,172.0,786.0,795.0,778.0,242.0,429.0
ADAM10,480.0,9.0,800.0,581.0,351.0,216.0,71.0,927.0,976.0,304.0,767.0
Endoplasmic reticulum aminopeptidase 2,611.0,67.0,595.0,744.0,435.0,427.0,125.0,893.0,879.0,194.0,583.0
G protein-coupled receptor 44,335.0,953.0,247.0,411.0,395.0,848.0,339.0,197.0,160.0,832.0,700.0
Endothelial lipase,184.0,971.0,582.0,181.0,542.0,631.0,778.0,309.0,49.0,762.0,176.0
Histone deacetylase 10,222.0,870.0,518.0,842.0,107.0,745.0,271.0,791.0,408.0,457.0,257.0
GABA receptor alpha-5 subunit,798.0,581.0,687.0,174.0,749.0,305.0,918.0,160.0,452.0,351.0,284.0
Orexin receptor 1,863.0,307.0,153.0,120.0,895.0,178.0,652.0,350.0,643.0,175.0,479.0
Discoidin domain-containing receptor 2,83.0,118.0,504.0,889.0,545.0,507.0,83.0,668.0,249.0,950.0,946.0
Metabotropic glutamate receptor 2,612.0,49.0,896.0,565.0,563.0,477.0,652.0,469.0,873.0,131.0,368.0
Cytochrome P450 26A1,462.0,926.0,610.0,343.0,590.0,691.0,854.0,270.0,148.0,654.0,464.0
Serine/threonine-protein kinase B-raf,215.0,928.0,185.0,718.0,543.0,331.0,678.0,587.0,58.0,538.0,616.0
Ephrin type-B receptor 4,706.0,204.0,417.0,855.0,173.0,539.0,178.0,596.0,920.0,395.0,207.0
Neuropilin-1,891.0,337.0,432.0,61.0,807.0,144.0,770.0,551.0,690.0,191.0,440.0
dUTP pyrophosphatase,162.0,995.0,33.0,926.0,118.0,766.0,107.0,422.0,43.0,912.0,197.0
Serine/threonine-protein kinase ILK-1,300.0,26.0,322.0,428.0,456.0,710.0,61.0,923.0,932.0,530.0,679.0
Tyrosine-protein kinase BTK,112.0,800.0,657.0,907.0,59.0,836.0,93.0,367.0,503.0,889.0,185.0
Serine/threonine-protein kinase TNNI3K,398.0,394.0,906.0,723.0,332.0,758.0,752.0,306.0,495.0,449.0,616.0
Cytochrome P450 2A6,929.0,834.0,347.0,72.0,925.0,273.0,900.0,165.0,237.0,330.0,849.0
Mitogen-activated protein kinase kinase kinase 5,592.0,839.0,474.0,461.0,569.0,741.0,246.0,667.0,403.0,349.0,436.0
Tyrosine-protein kinase receptor TYRO3,622.0,207.0,544.0,167.0,648.0,182.0,964.0,704.0,519.0,345.0,587.0
Epithelial discoidin domain-containing receptor 1,639.0,119.0,371.0,787.0,708.0,307.0,220.0,343.0,787.0,468.0,795.0
Proto-oncogene tyrosine-protein kinase MER,705.0,315.0,889.0,154.0,762.0,558.0,922.0,189.0,509.0,208.0,452.0
Baculoviral IAP repeat-containing protein 3,62.0,898.0,93.0,848.0,77.0,839.0,145.0,776.0,169.0,891.0,223.0
Poly [ADP-ribose] polymerase 2,933.0,265.0,722.0,456.0,403.0,557.0,724.0,198.0,833.0,418.0,819.0
P-selectin,348.0,800.0,670.0,264.0,316.0,401.0,150.0,785.0,672.0,572.0,513.0
ATP-binding cassette sub-family G member 2,414.0,274.0,546.0,507.0,755.0,671.0,330.0,539.0,637.0,347.0,394.0
Pituitary adenylate cyclase-activating polypeptide type I receptor,434.0,194.0,702.0,339.0,693.0,409.0,775.0,458.0,302.0,517.0,738.0
Serine/threonine-protein kinase PIM3,834.0,918.0,189.0,236.0,743.0,224.0,926.0,89.0,188.0,547.0,631.0
G-protein coupled bile acid receptor 1,366.0,654.0,87.0,895.0,154.0,539.0,47.0,782.0,516.0,715.0,376.0
Metastin receptor,131.0,154.0,346.0,942.0,129.0,501.0,43.0,910.0,807.0,451.0,204.0
Cell division cycle 7-related protein kinase,762.0,60.0,729.0,217.0,816.0,770.0,828.0,598.0,775.0,695.0,927.0
Sodium channel protein type X alpha subunit,819.0,336.0,772.0,339.0,934.0,183.0,957.0,128.0,180.0,119.0,465.0
Baculoviral IAP repeat-containing protein 2,260.0,548.0,518.0,802.0,73.0,316.0,53.0,754.0,511.0,538.0,62.0
Receptor-interacting serine/threonine-protein kinase 1,679.0,493.0,753.0,463.0,466.0,715.0,668.0,117.0,845.0,408.0,641.0
Protein tyrosine kinase 2 beta,733.0,716.0,346.0,150.0,865.0,447.0,736.0,392.0,332.0,261.0,268.0
Perforin-1,760.0,935.0,852.0,55.0,880.0,531.0,908.0,65.0,306.0,371.0,428.0
D-amino-acid oxidase,261.0,11.0,856.0,769.0,238.0,479.0,344.0,903.0,793.0,311.0,902.0
Serine/threonine-protein kinase WEE1,169.0,528.0,359.0,708.0,248.0,287.0,291.0,775.0,413.0,682.0,311.0
Histone acetyltransferase PCAF,393.0,105.0,221.0,781.0,173.0,697.0,388.0,839.0,843.0,612.0,623.0
Secreted frizzled-related protein 1,804.0,898.0,718.0,77.0,793.0,576.0,891.0,99.0,189.0,383.0,629.0
Transient receptor potential cation channel subfamily V member 3,56.0,950.0,658.0,305.0,615.0,665.0,210.0,735.0,194.0,752.0,179.0
Protein-arginine N-methyltransferase 1,701.0,813.0,559.0,504.0,406.0,618.0,399.0,448.0,631.0,424.0,326.0
Nuclear factor NF-kappa-B p65 subunit,652.0,954.0,135.0,529.0,241.0,273.0,905.0,467.0,56.0,758.0,680.0
Dual specificity tyrosine-phosphorylation-regulated kinase 1B,726.0,190.0,586.0,315.0,639.0,580.0,278.0,311.0,690.0,364.0,539.0
Acyl-CoA desaturase,361.0,62.0,712.0,370.0,572.0,328.0,328.0,723.0,895.0,538.0,662.0
Proto-oncogene tyrosine-protein kinase ROS,330.0,632.0,289.0,235.0,723.0,391.0,701.0,827.0,195.0,494.0,336.0
Lysyl-tRNA synthetase,713.0,750.0,447.0,316.0,663.0,382.0,779.0,317.0,657.0,296.0,509.0
DNA-(apurinic or apyrimidinic site) lyase,944.0,194.0,804.0,170.0,867.0,723.0,905.0,88.0,579.0,209.0,766.0
Glucose-dependent insulinotropic receptor,686.0,345.0,204.0,929.0,281.0,957.0,72.0,260.0,612.0,826.0,521.0
Prostaglandin E synthase,193.0,986.0,229.0,734.0,110.0,362.0,338.0,556.0,130.0,725.0,186.0
G protein-coupled receptor kinase 5,86.0,84.0,91.0,985.0,62.0,115.0,24.0,937.0,719.0,699.0,247.0
Egl nine homolog 1,372.0,26.0,470.0,727.0,482.0,557.0,203.0,866.0,885.0,222.0,345.0
Elongation of very long chain fatty acids protein 6,710.0,568.0,501.0,86.0,773.0,723.0,602.0,293.0,527.0,571.0,449.0
Glucagon,659.0,662.0,809.0,533.0,862.0,167.0,857.0,392.0,250.0,184.0,531.0
CREB-binding protein,607.0,974.0,621.0,304.0,459.0,356.0,786.0,216.0,144.0,261.0,203.0
Mitogen-activated protein kinase kinase kinase 7,93.0,647.0,514.0,821.0,129.0,579.0,144.0,608.0,297.0,853.0,632.0
"Interferon-induced, double-stranded RNA-activated protein kinase",674.0,527.0,472.0,284.0,633.0,324.0,760.0,191.0,245.0,467.0,813.0
Aldo-keto reductase family 1 member C2,541.0,969.0,545.0,26.0,837.0,605.0,922.0,137.0,107.0,846.0,614.0
Trace amine-associated receptor 1,176.0,214.0,398.0,919.0,178.0,639.0,533.0,757.0,718.0,639.0,721.0
Nuclear receptor ROR-alpha,902.0,24.0,396.0,501.0,382.0,761.0,346.0,730.0,958.0,230.0,557.0
Heat shock factor protein 1,369.0,671.0,639.0,439.0,458.0,832.0,174.0,630.0,367.0,681.0,582.0
Hematopoietic prostaglandin D synthase,494.0,105.0,609.0,928.0,269.0,479.0,77.0,721.0,706.0,466.0,377.0
Aldo-keto reductase family 1 member C1,900.0,922.0,352.0,93.0,669.0,580.0,843.0,230.0,534.0,384.0,547.0
Bifunctional protein NCOAT,863.0,47.0,900.0,193.0,911.0,273.0,860.0,245.0,862.0,203.0,747.0
LIM domain kinase 2,559.0,898.0,560.0,128.0,639.0,435.0,799.0,165.0,82.0,664.0,538.0
Serine/threonine-protein kinase PLK2,750.0,699.0,369.0,233.0,732.0,162.0,953.0,406.0,554.0,165.0,187.0
Neuropeptide FF receptor 1,31.0,160.0,807.0,498.0,221.0,532.0,45.0,958.0,683.0,744.0,575.0
Neuropeptide FF receptor 2,752.0,27.0,456.0,963.0,345.0,260.0,494.0,667.0,757.0,389.0,742.0
IgG receptor FcRn large subunit p51,404.0,376.0,358.0,362.0,576.0,441.0,547.0,702.0,735.0,367.0,592.0
Smoothened homolog,615.0,931.0,346.0,419.0,307.0,822.0,633.0,478.0,374.0,843.0,833.0
Aldo-keto reductase family 1 member B10,812.0,419.0,458.0,135.0,848.0,303.0,453.0,269.0,630.0,179.0,278.0
Serine/threonine-protein kinase 33,463.0,876.0,454.0,317.0,643.0,155.0,955.0,198.0,95.0,577.0,256.0
Transient receptor potential cation channel subfamily A member 1,236.0,837.0,755.0,556.0,381.0,816.0,291.0,502.0,260.0,598.0,557.0
Diacylglycerol O-acyltransferase 1,675.0,830.0,421.0,132.0,675.0,661.0,587.0,328.0,326.0,665.0,611.0
"Histone-lysine N-methyltransferase, H3 lysine-9 specific 3",50.0,248.0,291.0,943.0,131.0,910.0,24.0,893.0,566.0,871.0,250.0
Lysine-specific histone demethylase 1,791.0,522.0,797.0,770.0,601.0,563.0,686.0,189.0,787.0,107.0,324.0
Alpha-synuclein,248.0,962.0,227.0,446.0,178.0,759.0,396.0,499.0,130.0,873.0,524.0
Tankyrase-2,656.0,189.0,828.0,163.0,745.0,147.0,705.0,491.0,689.0,453.0,484.0
Tankyrase-1,183.0,421.0,336.0,913.0,123.0,341.0,446.0,646.0,214.0,876.0,734.0
Mitogen-activated protein kinase kinase kinase kinase 4,753.0,123.0,809.0,362.0,502.0,131.0,896.0,736.0,614.0,132.0,515.0
Lysine-specific demethylase 4C,898.0,40.0,566.0,248.0,904.0,308.0,745.0,527.0,863.0,80.0,573.0
